-1.11467722219 -0.395409561165 -0.457349511194 0.464851102603 0.205557714401 0.20605222848 -0.681269092808 0.762091213294 0.126119029869 -0.396156953253 0.177737309104 2.22687098335 -0.800724015411 -0.137975096367 0.651675732033 -1.18147829914 0.169661398375 -0.970782270638 -0.208303705776 
-1.50818942953 1.08725251261 1.02894468621 0.423185800482 0.141495930844 0.883733130328 0.445878134156 0.492824179859 1.52613066275 0.458018418683 0.618194548995 -0.544218687087 0.788590036715 0.797367755478 -0.646566051521 -0.463747920675 1.07475015685 0.350349190246 -0.394145387213 
-0.451434635002 0.692205100365 -0.431775979017 0.0508071504483 2.17663405379 -0.506597653304 0.169933444889 -0.324993912983 0.444557082652 0.560199507824 0.48674748177 1.45554892381 1.7357895482 0.690673035858 0.492227334694 -2.02244091771 -0.447870845553 0.124696525503 -2.53249067313 
-1.55694876463 2.01347671649 -0.187779560317 -0.634939180071 0.202169177229 -0.0704028350316 -1.75262008701 -0.765833958169 0.538508937331 -1.04939707335 2.08255618143 1.54201738598 -0.672681429128 -1.67639899369 -1.79405085153 -1.17876781387 -0.413408654353 -0.412212211864 -0.0891488255387 
0.302154619373 -0.218030264194 1.30249753248 0.214784279407 -0.0177762112493 0.265520974467 -2.01804670539 -0.133503964997 -0.403911795483 0.432476327735 0.733181556538 0.462103490635 0.403944519634 -0.261193368016 0.0182816900414 0.589892084889 0.534493097616 0.743011025134 0.487110414646 
-0.0283246097174 0.0888147677555 -0.709508087028 -1.19271911516 2.08092622614 -1.0691555121 -0.434454959783 0.314139530101 -0.0774448783447 -0.345252844651 0.361128595542 -1.08685929692 0.179755423971 1.79003541843 -0.915566662697 -1.5457373236 -0.997599064232 0.244028333296 0.707127685271 
-0.0141849933981 0.0825892099829 -1.68964456468 0.978178958792 -0.546362401923 -0.769308222523 0.231208438172 1.08730098069 2.87419823497 -1.15923649825 0.248846280069 0.142727927481 0.263685537458 -1.12235935092 -1.01153851453 0.176074171065 0.276169859165 -0.825613822129 -1.5050518071 
-2.26223647541 0.290168568188 0.55554450528 0.184110799238 0.923011315258 0.119294053681 -0.837437916501 0.874254952552 1.15397477568 -0.640328084981 -1.34929202654 0.037708255141 -0.383102656209 0.296579788087 -1.03974919128 -1.33323269253 1.30610963715 0.489599327882 0.368671546235 
0.232948340621 -0.803087528452 -0.450892976375 0.33175125107 -0.685273044441 -0.549754437328 1.43188115487 1.26926450919 -0.154135746426 -1.1360049612 -1.0547764136 0.222979911819 -1.2935562237 -0.0741462500407 0.642495800772 1.53214622585 0.251964748029 1.02929352572 -0.418133261834 
0.654280714075 -0.293735527041 -0.44956557828 0.109967859871 0.0397912202356 0.653380092437 1.69397199061 -0.05899781942 1.29170301241 0.733941590628 0.597644296363 -0.120888108281 -0.144917487517 0.483706967288 0.969091010726 0.710055285376 -0.149592552392 -0.470543909045 -1.05304879368 
0.710971858643 -0.0343776280081 1.63967351736 1.33793034273 0.265343110192 -1.69048127775 0.202233133004 -0.244880222035 -0.869419705144 0.697311602698 -0.724272363159 -0.504114875775 -1.30066310261 -0.667336801094 0.501796859835 -0.0892845027376 0.830081967268 1.49654559947 -1.33040793224 
-0.605065456548 -0.310551393291 -0.457549932966 -0.809339828759 -1.32833907309 1.97807043625 0.173178096758 0.856123594061 0.326091784646 0.305166470777 -0.250352811314 -0.104174813405 -0.378596006221 -0.935884021567 -0.665980549461 -1.53107609855 -0.174301181973 0.267231548279 0.894585971296 
0.839134439034 0.414518175655 1.59964655962 -0.538066978833 0.614567450533 -1.41313484278 -0.141605725786 1.71599373354 -1.46800564404 -0.966542284789 0.399951072919 -1.4956104606 1.09344874296 -0.0529285268078 -0.909200519343 0.58427690385 0.0492561626636 1.03631573831 -0.383618748131 
-1.11491398275 1.10312171131 -0.10865669651 -0.727281764158 0.591064943745 0.208600687697 1.12125465107 2.40361208668 -0.0552005808564 1.31320622248 0.278856591332 2.95232601299 0.164742679649 -0.453185197536 3.00031090488 -2.13469817747 2.05037846634 -0.859218873118 0.299222907343 
0.0225585746321 0.36280527072 0.719870949571 0.386198111678 -0.963842165741 -1.89061814617 -0.967746801561 -0.607301030465 0.141197442844 1.00894842643 1.47141063529 0.374457765321 1.1556692687 -0.332043227384 1.1730167162 -0.715946460804 1.05516331448 -0.559834523883 0.980202637619 
0.113701461996 -0.27565099469 1.82622476293 -0.962051862615 -0.994834880234 0.423388690206 0.747484895201 0.053705102432 -1.50655021628 0.429519207661 -0.506970999427 -0.887512277049 -0.237624842096 1.61332555503 -0.89660194537 0.635966440807 0.130252863436 -0.184243180087 0.68456087171 
0.906958229792 1.2872291061 0.338537336558 -0.369138285063 0.196734755862 0.252848757845 0.888600843007 0.486478618059 -2.30094873639 -0.846835451688 0.369215593713 -1.52265325225 1.1174315939 -0.436275714117 -0.141716022403 -0.377713697327 0.160513667772 0.547674509144 -0.8590539311 
0.91735491803 -0.156879167032 -0.648867778587 0.193960515988 1.08816584808 -0.0465150114561 2.38158727334 -0.182191731316 0.222719122828 -0.32535272324 0.127195082601 0.954523927897 -1.49396145056 1.36938971327 -0.373886351742 0.0889954007908 0.0240366736025 0.0144519197819 0.345508617005 
-0.72369151665 -0.484897656764 0.152527975397 0.998830844095 2.01908555412 -1.07064870383 0.916666441176 -2.02270177635 -0.96547666015 0.747507060151 1.0317944399 -0.476243441364 0.31222878861 0.0504997767557 0.0311113034821 1.18271914629 -0.0141990194789 -1.04272155046 0.601188615091 
