-0.710391547369 0.843404414047 -1.16572480554 1.85301553607 -0.611112319007 0.509891183798 0.728331869097 0.718310841619 -0.314935856692 0.0635443320399 2.26658037607 0.141147862096 1.22391149062 0.0104659806175 
-1.21959032088 -0.808843181006 0.400695232432 1.59213811596 -2.8385808797 0.69712449061 -0.651467620439 -0.0790996771838 -1.48272843149 -0.241326062337 0.119315869451 -0.508867812315 0.826124749869 0.178380510777 
-1.00651364993 0.969222443981 -0.484213271518 -0.0347445650462 1.52682303664 0.00776400262134 -0.724482974823 0.621207602469 -0.568494235495 -0.0563407535251 0.0182875576264 -1.87127031506 0.0595634329752 -0.987067512259 
-1.01936854256 -1.17729628917 0.336651938497 -1.40214926434 -0.788057634333 -1.1989445123 -0.704310847526 0.640698503992 1.65003537158 1.1106599566 0.256552031098 0.764668550744 -1.17783302 0.357839206372 
0.901053244236 0.135823535628 -0.366716914843 -1.27719702374 1.12597660704 -1.33525416508 0.419288937731 -0.666968213603 -0.239968782196 1.46959531585 -0.200247861329 1.03017118892 0.855886167863 1.22832859021 
-1.04968343564 -1.40250930625 -0.68527431799 -1.62818250441 -0.884304903355 1.6808170706 -0.483698560953 0.0468136706101 0.175898576354 1.34658622906 0.0366773418586 0.83701665282 -0.550450238559 -0.237052477929 
-1.58135578028 0.704252161265 -0.0440883593898 0.833379396487 -1.24192046072 -1.23896157246 -0.918975484988 -0.427640568694 -1.31433033733 -0.0131889172066 1.21883035683 -0.170427776392 1.07968483034 -0.74752440444 
-1.78865176842 1.25064061934 -0.679178185507 0.0235804253197 -0.94610393617 -1.01431577001 0.544551881448 0.46847922874 -1.46207277702 0.0760512277133 -0.605157460021 -1.54455756565 1.24318437049 -0.826959243011 
1.20533850237 2.3609179408 0.762123890624 1.44303143164 -0.593052188584 -0.0333644444398 0.681870482537 -1.41793783116 -0.718130816278 0.593750156465 0.0961275036479 0.088224504674 -1.59373435846 -0.221881452808 
0.350355364856 -0.441315194133 0.240895440086 0.173187323786 -0.30263888649 -0.982032594776 0.687607743828 -1.13015636596 0.688191488384 0.124768264417 0.0947982445879 -1.2966008341 1.52156368782 1.19952206485 
-1.54160868363 -1.27824736023 0.764657849487 -0.770748576112 0.152537094658 0.280667646378 0.289605758979 0.806934189054 0.728322788859 -0.101837849565 -0.643330366174 0.30311111644 1.14716164266 -0.963775652312 
1.04502381997 -0.596126967519 2.37475185004 0.714603468586 0.375624667741 -1.14531062605 -0.199754548735 -0.795178338772 0.232753369045 -0.0588550012965 0.082486770825 1.11062803254 -0.0968187104973 0.49211214561 
0.916434990684 -0.914169829197 -0.427682154963 -0.167825493795 -0.795906240066 -0.972967272214 -1.92192429183 0.646635630976 -1.2859982231 0.842608952107 0.548388975293 1.5119490872 -0.215207966775 0.651622969585 
-0.297835824183 -2.61461931394 1.03259764561 0.164755134431 0.476947973613 1.06417297886 -0.028205401275 -0.425215787662 1.48459742855 0.660511337898 0.694894079418 -0.233883305167 -1.19191713785 -0.298586887658 
