-0.118795974182 -0.743997609668 0.710895756105 1.03104572923 -1.30492850934 0.728092910243 0.562535574805 0.441614969846 -0.580050938468 0.485385624576 -1.0135136872 -0.76888013993 -1.79898547902 -0.430128792543 
0.256746458333 -0.402947360219 1.37497379208 -1.85808120188 -1.13980060414 -0.242928515112 -0.794349388383 0.862132565855 -0.790595645296 0.729852780061 -1.15502891059 0.325258084362 -0.404809055484 0.581549521297 
0.0596649405815 -0.55976416808 0.946013603123 -1.75003112717 0.759247394016 1.56151723805 0.727154534552 0.323638839268 0.362939291768 0.00473869834876 -0.476776095611 0.920407276185 0.365591990719 0.459584399639 
-0.0105145641244 0.0812227843529 0.376767444245 -0.203724416959 3.09716060167 -0.491380304768 1.17668342756 0.724244807074 0.600267942982 -1.31827507148 1.54015418984 -2.08146446314 0.917788892985 0.243450665376 
-0.415602365647 0.41979659929 0.741276832058 0.349327830485 0.975634531485 0.0422723113664 -1.25178671499 -0.541284845192 -1.47002920745 -0.00248552765217 -0.188061171936 -0.176834938513 1.2913648084 -1.12716754874 
0.560212579716 -0.345511768397 -1.79079189545 1.15468884015 -0.0419802974362 -0.279130709432 -0.552381281524 -0.957500967268 0.165683838089 0.270160276476 0.805048413093 -0.433887639154 -0.0885533406198 -0.0873810358851 
-1.43706650702 -1.33727801375 0.273471448888 1.75205568499 -0.606497532323 0.207010402241 0.847637583531 -0.372187504611 -0.884687382531 1.1025053413 -0.917288245841 1.14166430453 -1.84118845821 -0.69073938948 
0.855729139369 -0.944292705945 -0.0231530280056 -1.22738068129 -0.173479863692 0.52688421222 0.537581445093 -1.4856789344 -1.48072739001 0.0201646331138 2.84799468857 0.0662938743932 -1.18734845553 -0.0153964280406 
-1.90388862885 -0.363157022689 -0.328373007813 -1.54591809028 0.683853211941 0.0442526588969 -0.312364862568 0.439473713883 -0.593165180215 -0.259832088697 -0.094875244088 0.151387358571 -0.287677500238 0.107031415198 
0.258647467891 -0.568423776444 0.844901422995 1.78259956912 -0.212416324387 0.327654595022 -0.834652858721 -2.23798673054 -0.193129131044 0.289681335483 1.06736241435 0.872351622143 -0.529991955473 1.07241603675 
-0.394304357432 -0.776736285553 -0.60301836267 -0.0303161416059 0.3363078513 -0.0815344996599 0.429808604883 -0.734598147819 -0.357144715528 -0.60296545846 -0.963705419824 0.331973711587 -1.26384558517 0.127553014927 
0.834763012794 0.109905906506 0.0470125547615 0.937816002445 -1.41609370241 0.144904636854 0.0660967494814 0.120496863856 0.352605949104 -0.933330600342 -1.80903328679 0.475750160464 1.37948126795 -2.80735763421 
-0.613532923479 0.046132377961 2.65389211779 1.78719195544 -2.08853259343 1.19977804256 0.020245927458 0.586342772378 -0.183772318159 0.36699631356 -0.633803059265 0.0715913747446 -1.75264436721 -0.00259454147225 
0.467600243606 0.976069632079 -0.77231109383 0.667746075859 -0.247364355996 -0.0843507799329 -1.17678532614 0.112959269509 -0.318137313368 -0.450871919794 1.56751193975 0.430821663599 0.574713012978 -1.11262862309 
