0.751167479806 -0.545181060019 0.206945251145 0.118372206311 0.0447294020303 -0.0515789153714 0.883947848073 0.330729063175 -0.303280034069 0.0140179067629 2.82095283003 -0.119276610335 -0.0913403304875 -0.797769652702 -0.120224775487 0.886406161596 0.809211359316 -1.40880041685 -1.23433487276 
-0.0420383206386 1.22720351598 0.0486342172859 1.05748321732 1.86573160301 -0.0146895322078 -0.230057363934 -1.76079933644 0.668077160214 -2.52741714407 1.01671008892 0.00921106628614 -1.1107558626 0.555863567208 1.30115628948 -0.321746763942 -0.619207160964 -0.630258867441 0.805745110727 
-0.107353844212 -0.87737492494 0.0526848926057 0.69229549996 -1.33774858305 1.699189602 -0.843688161268 0.253962479498 -0.58557569236 -0.150165270904 0.826001582067 -0.229689571434 0.75978379936 -2.20988440696 0.526875348327 0.120256941312 0.417323595578 -0.333526752029 -0.125615576542 
0.311280910674 -1.76702487496 -1.22148533066 -0.176752686783 -0.281297862985 1.12992453525 0.635914807135 -1.30432721249 0.480762281757 2.24233670292 -0.270736503429 -1.69596907152 -0.455037792282 1.68828452172 1.26512345128 -0.2158875207 0.45822491815 -0.990367510122 1.36967512674 
-1.01610265406 -0.121663398542 0.307726966323 0.103415030702 0.188066605757 0.534206144533 0.380478604099 -0.229307208014 0.178590413101 -1.21024537707 -3.70433763952 -0.0443143868594 1.31037817565 0.381830476683 -0.131587174632 0.0690989780744 -1.45509152514 0.251241640297 0.697335524603 
0.175041794065 -0.153495437762 2.21175315589 0.923104379651 -0.513876912317 0.131323979729 0.520426947058 0.642121621571 0.333256967225 -1.10646753401 1.06947278059 1.86247606603 0.332809781536 -0.76592853541 0.0180730728639 0.555854089743 0.624320006003 0.0144719862917 0.551945078372 
0.432285418247 -1.54197175499 0.676733355683 0.670096610126 0.826106488442 -0.511170153088 1.15459132886 0.658841550969 0.106789264491 -0.526055202221 0.684597472921 1.52952077003 0.370343976548 1.11558502695 2.00677691015 -0.163277595419 0.020568472279 -0.239136313479 -0.589386184391 
-0.0344599649281 0.818252197659 -1.53571214283 -0.333018430211 0.0471608373521 -0.841552146769 0.783945324136 1.09981195201 -1.60970010701 0.278598946765 -0.620531362314 -0.976062750588 0.653138627502 -0.691260063387 1.51116189042 -0.113257941927 0.569657584727 -0.474198258696 0.508618772617 
-0.784937000434 1.67393360311 0.511788854354 0.808129025435 -0.293551905879 -1.00731117379 0.257361475006 0.0821119034183 0.353111433967 -0.17274550744 -0.73814536647 -0.692315245692 -1.06212013741 -0.091387106203 1.17021427166 -0.0717146804481 -0.592667117835 -1.55077030021 0.147203235132 
0.332472990076 1.05460150754 -1.40394776964 0.403308177336 0.364326718224 1.49195551403 -0.198478278413 -1.19872072509 -1.51985711976 -0.152148832621 1.13077369282 0.340394072843 0.775900508559 0.17625216577 0.377409702594 -0.291603286999 -0.194331412609 -0.348139381124 -1.22142694022 
-0.721081350617 1.53526581347 0.801263821492 0.108616837275 -1.76548605596 -0.431436887899 0.697454525604 -0.492923844707 1.22026516637 0.973669664016 0.338873154596 -1.12637151294 -2.64649307586 -0.354931698031 -0.821437292384 1.00549483582 1.21361490448 0.586907592233 1.75306638453 
-0.276128938547 0.215299069313 0.486728685086 -0.858720070096 -0.260869686684 0.424184134244 1.16011023588 -0.00106325935113 1.86370835532 -1.05994634992 1.04353577265 0.552515607966 -0.264303654537 1.83999520358 0.321077399016 0.413040813093 0.336459430248 -1.49884657315 -0.83196046135 
0.212186133846 -1.20098352016 -0.917068008259 -0.339168269274 -0.350336074975 0.0767535552908 -0.220996035212 0.79467343048 1.12056780767 -1.70303508128 1.86686781321 0.0526429259121 -0.649692114772 1.91962312376 -1.26259687807 1.41670387702 0.237721219891 2.37407989049 -0.295777538656 
-1.08011890309 0.583147496838 -0.42768815253 2.09004697364 -0.0104480722116 -0.444659948128 0.0996025335745 0.435362619328 0.253392402797 0.332657675914 -1.93526613384 -0.161427389101 0.898966135584 -0.684958503696 0.396791915088 -0.238748789528 -0.854038473814 -0.707878327472 0.318923422927 
1.2369215754 1.20656000876 -0.524836999546 1.97914715169 2.01202757099 0.59758166334 0.627825467419 1.16627075971 -0.347812740268 -0.329765627545 -0.514253675519 -1.47947571807 0.249990707651 1.2788486811 -0.825668443536 -0.0222391092884 -2.6983618034 -0.606425955285 0.32752034909 
-0.093985119268 2.37837179898 0.99140632717 0.819735279787 0.482772405235 -0.20902963222 0.572899458578 1.2257201796 0.250740812385 -0.155783331539 -1.46295989235 0.293234934223 0.617868241358 -1.99964494136 0.870639055845 2.09465353677 0.942196705713 -0.0541951545992 0.590395462508 
1.45660791306 -0.141793438896 -0.20824667349 -0.714798494569 0.220865117064 -0.797417651638 -1.26152732354 -0.892456434184 -0.0716094116626 -0.366374102509 0.811440269632 -0.281818431219 0.241643421198 1.52629851855 -1.59962237873 0.729196106164 0.224394075894 1.62894890114 0.238471119519 
0.893816547431 1.78164199512 0.797437067954 0.603414842572 -0.141824628083 0.855167474846 0.74081563806 -2.23296760343 1.10095193044 -0.625817037054 0.432576381216 0.767451977131 1.56918959637 0.911432892892 -2.57726763162 0.243291898658 -0.120612930591 -1.02353195658 -0.129349567575 
-0.379006471346 -1.7845854911 -0.412557022407 -0.959456938063 -0.969255687867 -0.811270379009 1.65618985821 0.974491209518 -1.95169875478 -0.658216442222 -2.78699710715 0.61931546958 0.242162548339 1.07664080739 -0.0627198832887 1.34641944089 -1.43653081575 -0.258843847024 0.175452601127 
