-0.446043835223 -0.673892914751 0.694495648906 -0.936109749942 -1.12486544638 0.133767345015 1.09678384299 0.581958108426 0.352979585197 -1.24927949378 -1.60063954615 0.149188883684 -0.564409234938 -0.931009528454 
-0.45731569457 0.691203047714 -2.20109158956 1.49088107795 -0.238036019586 -4.28872669147 0.704929871165 0.475242253686 -0.357892891081 1.43494173871 2.98664090764 1.3362108632 -0.469451028251 -0.331404385924 
-0.0500994336331 0.956321815137 -0.601331289594 -0.120051496871 -0.215404830591 0.589755556711 -1.571114916 0.138501226442 -1.17828489044 -0.194552153413 0.206559547972 -1.16853857939 1.32256413246 1.12968496113 
-1.05759706991 -0.560236626378 0.121566657173 -0.641358286509 -2.12220425868 0.940012300505 -1.02695271811 -1.35049459039 -0.728551610807 0.148762484082 1.37295055869 -1.09925152405 -0.870961948272 -0.830699062683 
-0.729842160315 -0.414251450199 -0.607260163762 0.060228356285 0.899894358974 -0.266062845437 -0.952522732435 -1.60854658912 -0.263564792367 1.26871304488 -1.36123111504 -1.18548590916 -0.488265085046 0.257470659167 
1.84638554408 -0.272286642615 -0.127446315389 -0.11331897849 2.91941418015 -0.0102766127629 -1.00240233714 -0.547727509118 0.513860483733 0.184792319241 0.55970066796 -2.69552290828 -0.636999957124 0.807154826608 
-0.342278632771 0.399533427731 0.149974633948 0.428711313563 -0.329281170806 -0.912786510675 0.784316895941 -1.56094523502 -1.08383185731 0.511838406161 0.616521553453 -0.569134346788 0.992938104483 -1.28298141889 
1.39369883343 2.29941512779 0.415498697697 1.41045806808 3.23703194565 -1.28797291244 0.633767854005 0.530996429534 -1.25661484529 1.28367819228 0.369190726612 -0.582340414512 0.16039488184 -0.363246550762 
1.4145854169 -0.155885378742 -1.07862471151 0.169372581323 -0.188542373716 0.440244659677 -0.0876214878078 0.852672827071 -0.594521372604 0.147209938891 -1.85529695778 0.964821692762 1.1205075929 -0.244674385057 
-0.0358149028608 1.73334704059 -1.27255594158 -0.470209002169 2.11653255985 -0.0163142634978 -0.19744785552 1.15416313845 0.815149890326 -0.0072799628355 -1.91048772945 -0.813315865534 -0.118110223618 0.679339140488 
-0.964723642749 0.418860368807 -2.08950426186 1.87239819676 0.160285606826 -1.95208151585 -1.04386002124 1.45372427653 -1.48068996376 -0.211043908777 0.80103322329 0.176384257505 0.0311515668175 0.609416430938 
-0.617075394609 -0.76566970604 -0.0998600548971 -0.333616522647 2.23057779461 1.00331409638 0.934747736451 -1.05142513057 0.267752521453 -1.16753168464 -1.21619243057 2.41394744243 -0.572684322156 -0.574050949345 
2.19575286123 -1.47277657157 -1.29674813352 1.27743328889 0.281476081987 -0.132819581903 -0.538244791502 -0.679321374499 1.75280535642 1.41949273664 -0.747496552711 -0.107161707484 0.873258436746 -0.676210002012 
2.21754755767 -0.858585980578 0.303489090496 0.294511673271 0.0704339349605 0.0105634851553 -0.58933997925 -1.93302072361 0.601378265876 -0.0430566758402 -0.574216243629 0.340933693862 0.482655953679 -0.218220092164 
