-0.628124623017 0.167347518565 -0.452013188713 -0.877531290622 0.622940609291 -0.221664283198 0.972642601405 -0.221813518769 -0.339652252802 -0.600897115747 -0.1510042738 -0.188492385201 -0.969345719851 -0.0772709214322 1.54885908558 1.21092067972 -0.939873974447 -0.685935797541 -0.32518327233 
0.705514795283 -0.263447624108 -0.834428792636 0.807380308229 1.03618770738 -0.744229340994 -0.845920071937 -0.787154847511 1.06037211775 0.366936505593 0.289939066806 1.50926557173 -1.89955389255 -0.594714965216 0.100994364285 -0.0531252342009 1.39502803787 0.64688521518 -0.865000160039 
-2.03262147865 1.22834385884 -0.0466616935683 1.01087489635 0.0574233048969 0.879706759848 -0.405026392179 -0.204288771127 1.26498272038 0.130065769688 0.692549966273 0.463817349883 0.820882967295 0.958980268025 -1.03407385964 -0.512983245193 1.28095502837 0.840159998384 -0.182390192326 
-0.470398249106 0.184518881866 0.285686824403 1.0083500831 1.18148241682 0.80161813089 -2.30371361106 -1.41949585879 -0.0048144869015 1.01764148527 0.23208927343 -0.241056162318 0.536796984787 0.734557610284 -0.992396212888 1.52901114676 -2.37261811143 -1.82821870854 -0.169759964823 
-0.312892659246 0.439638325176 -0.50703967305 -0.837863907393 -1.16555532351 -0.223938392044 1.6648754087 1.13379036824 -1.51437328231 -0.794514235661 1.20102853345 0.248983290748 0.234256300764 1.65159285492 0.38864090093 -1.18234399409 -0.0145858665993 -1.51704455662 2.56847552554 
0.167989264294 0.162562885435 -0.324394816718 0.0904728511948 -0.381945604191 -2.06592188704 -1.87481870774 -1.29566343224 0.0872865632455 1.30439406105 0.412401691152 0.425207338647 -0.439040546214 -0.156590459735 2.45209711448 0.0606406142326 0.100460884965 1.53170491411 -0.0542280069823 
-0.901993193617 0.357602378951 0.288648096012 -0.384663376451 -1.57533127121 0.448798987376 0.0203990051543 0.919275396585 -0.153399114497 1.69187358705 0.133487206613 1.41037108752 0.246601116222 -1.42328866821 -0.249247214144 -0.380205189115 -1.14238125601 -0.527080931035 1.35438043941 
-0.264467424428 2.52249238613 0.585891963123 -0.639778226418 -0.0928577082009 0.634704239452 0.013405482387 -1.08738569131 -0.859837577635 0.481989204038 1.23193273735 -0.139555008441 -0.797089471181 0.52729083092 1.04500089407 -0.866309280921 -0.442140390666 0.826437596471 0.0790717244332 
-0.672771900546 0.642884056822 -0.0816758786185 0.739242489537 0.09455804569 0.722416411452 1.27851464143 0.364849866829 -1.49422257316 0.482299738798 -1.19531278418 -1.49842480313 0.587088369353 -0.22750889681 1.25800745847 0.692976251665 -0.156291939203 -1.46345391866 1.08764614254 
-0.690213844576 -2.34110538125 -0.0328875966117 -0.336776542058 0.782431312163 -1.61249141318 0.242010783896 0.68138828604 -0.896090923307 1.24909402368 -1.89100734996 1.04525655358 0.183223139413 -1.6274932428 0.302590745631 -0.0163714478534 1.33218751106 1.39461386873 -0.263141953791 
-0.643144770807 -0.722877083141 -1.99521571475 -0.721802826724 1.17157716903 0.301949478807 -0.931576684173 -0.972949240982 -0.611154429704 0.111333869746 0.389423455211 -0.175931401989 2.1597760055 -0.546952953183 0.621483385815 -0.158810769189 -0.582390840682 -0.261091818145 -0.250148170595 
-0.714903756718 -0.207779200685 -0.853204575951 -0.468097691395 -2.81010718377 0.692580029539 1.26599843033 1.02339864988 -0.387871872306 -0.0548572459237 -0.206794058118 -1.07338080179 -1.52791443654 -0.0966171502464 -0.373541081566 0.968212131957 -0.816975283273 -0.659538414208 -0.452330742423 
0.114374057329 3.54319204115 0.75502063917 -0.31481840932 -0.465310268524 -1.02399717411 1.11827969696 -1.11671624151 -1.00353665388 -0.00591032004218 0.534723608121 0.350113318121 -1.33908230357 0.621458366331 0.760166534806 -0.0801861371237 -1.04937619045 0.352277084965 0.704545954816 
0.771487728194 -0.438479651422 -0.376146066704 1.02133465251 0.282725065265 1.52328697248 0.0841635236584 0.298291111879 0.0888391661951 0.845639166743 -1.58459851483 0.386381005672 3.45773209454 1.74921572835 -2.68722520399 -0.523717912782 1.94562585088 -0.944662242901 0.210704655604 
-0.154785553436 0.801122123785 1.09153530096 -0.115406581066 -0.86589171519 -0.397916419516 -0.0794529739223 0.812736333303 0.789720144257 0.631467679449 0.852055822493 3.18873484096 -0.216732459995 0.0922352118633 1.13031423072 0.997070247122 -2.04549273456 -0.241214722659 -0.90141096436 
0.164718582443 1.23456947739 -0.311725521235 -0.352274544041 0.0479198908549 -0.0857738469015 1.25089397478 -0.322136019791 0.146494893331 1.05589702942 0.656118867574 -0.693372634893 -0.0285759092568 -0.0338895524649 -1.59064307925 0.310117336774 1.7483036281 -0.246273482442 -0.341267024306 
-0.336676090652 -0.693113517338 0.577607943138 -1.91108528033 -0.679943034123 -0.685285121945 0.463798615894 0.646652677125 -0.394361220806 -1.60581906845 -0.722059292906 -1.02865974323 2.120971495 0.200125339057 0.969800688284 -0.122108510429 -0.686184341974 -0.177741342572 -1.00978610383 
-1.93956322185 -0.686835526432 -0.0268219936262 0.397190249804 1.11915742397 0.163124783414 0.554066280776 -0.597607216276 -0.798993880055 0.442121144325 -1.50560217852 0.300808992408 -0.948267635121 -1.06295721143 0.35163597094 -1.04332858228 1.9899585403 0.0886446644669 1.58829037241 
2.25314388979 -2.20375688557 0.454695432484 -1.52887708694 -0.862005732031 0.919393622323 0.683278671047 -0.437078960257 -0.322877978741 -0.072977700988 -0.915810424908 0.403150843426 0.428704438889 -0.462204232324 0.278631907218 -0.468553738946 -0.374973940474 0.15778611422 0.711103576491 
